start=6740.967000
speed=1.331000
pause=yes
