start=11620.367000
speed=1.331000
pause=yes
volume=104.639999
fullscreen=yes
