start=13668.154000
speed=1.210000
fullscreen=yes
